1.058355854146384445e+00
6.081332669497356846e-01
3.510771910091405879e+00
1.586469215542820166e+00
5.594086249664655952e-01
1.325157575929605924e+00
1.497966236173688959e+00
-4.999863846191203720e-01
1.567416615355909926e+00
6.156561387202145852e+00
3.691315022445117222e+00
8.640367384761061045e-04
8.225745464128067397e+00
4.181591849245023695e+00
1.086293907710246032e+00
6.040910297252253258e+00
3.049420178905279499e+00
1.349531533544791273e+00
2.189051703240437519e+00
7.264635231285637929e+00
8.735317661412409507e-01
2.056750632261923784e+00
5.054161554684498014e+00
2.161549095437310594e-02
1.124703285368968864e+01
6.141003911369580237e+00
3.661926124341334798e-01
5.304912275270794453e+00
6.962938002512828461e-01
2.594984111084485789e+00
4.224039352730642349e+00
3.615853713722572138e-01
2.042650076556014938e+00
1.019379546384875823e+00
3.803570023588918048e-01
4.352479882795648791e+00
3.974062328107834219e+00
2.268276025060771417e-01
2.712588800177400117e-01
4.462359909582716000e-01
2.645132943081293320e+00
4.162983779663562700e-01
1.500584227527354065e-03
9.438911769362903215e-01
1.879642193682684592e+00
7.797660823907790473e-01
