0.6246974629382054
0.733536643779677
0.7687975805237549
1.700336912608001
0.11292397792445605
0.5076896163645728
1.3519571528436596
-0.23489530550296217
4.196079256735241
3.829421886341336
0.4346358075967428
3.1754979681657756
1.361206865792752
0.19105033715534903
1.8611065406768006
2.6954098866082794
3.1174678779405833
2.303614481821432
4.3708904257904235
2.6860264190244925
0.18029061821898745
2.190545494458333
4.949453292324187
0.008255499573480473
1.8055059502475646
0.34297054314781555
0.31206904121871776
2.2516918698489063
0.12812353990039896
0.7331801341970252
0.054090563302465665
0.3529075218115
1.570693934879743
2.7439052762717067
0.822610675833772
2.980124961814396
0.42207546422165443
1.970176417992812
0.8513206920279585
0.10904820275503381
0.9875636193657389
1.2266796084269704
0.6032488101102251
0.00021714552456137307
1.5885933733164779
0.2589010143341162
